FILAMENT 0 250.00000000 662.50000000 750.00000000 2302.00000000 662.50000000 750.00000000
FILAMENT 0 250.00000000 697.50000000 689.37822174 2302.00000000 697.50000000 689.37822174
FILAMENT 0 250.00000000 680.00000000 719.68911087 2302.00000000 680.00000000 719.68911087
FILAMENT 0 250.00000000 697.50000000 750.00000000 2302.00000000 697.50000000 750.00000000
FILAMENT 0 250.00000000 680.00000000 780.31088913 2302.00000000 680.00000000 780.31088913
FILAMENT 0 250.00000000 697.50000000 810.62177826 2302.00000000 697.50000000 810.62177826
FILAMENT 0 250.00000000 715.00000000 659.06733260 2302.00000000 715.00000000 659.06733260
FILAMENT 0 250.00000000 732.50000000 689.37822174 2302.00000000 732.50000000 689.37822174
FILAMENT 0 250.00000000 715.00000000 719.68911087 2302.00000000 715.00000000 719.68911087
FILAMENT 0 250.00000000 732.50000000 750.00000000 2302.00000000 732.50000000 750.00000000
FILAMENT 0 250.00000000 715.00000000 780.31088913 2302.00000000 715.00000000 780.31088913